0
1 0 2 2
0 0 1 2
3 0 1 2
0 2 1 2
1 2 2 1
3 2 1 2
1 3 1 1
2 3 1 1
0 4 1 1
3 4 1 1
1
1 0 2 2
0 0 1 2
3 0 1 2
0 2 1 2
1 2 2 1
3 2 1 2
1 4 1 1
2 3 1 1
0 4 1 1
3 4 1 1
2
1 0 2 2
0 0 1 2
3 0 1 2
0 2 1 2
1 2 2 1
3 2 1 2
1 4 1 1
2 3 1 1
0 4 1 1
2 4 1 1
3
1 0 2 2
0 0 1 2
3 0 1 2
0 2 1 2
1 2 2 1
3 3 1 2
1 4 1 1
2 3 1 1
0 4 1 1
2 4 1 1
4
1 0 2 2
0 0 1 2
3 0 1 2
0 2 1 2
2 2 2 1
3 3 1 2
1 4 1 1
2 3 1 1
0 4 1 1
2 4 1 1
5
1 0 2 2
0 0 1 2
3 0 1 2
1 2 1 2
2 2 2 1
3 3 1 2
1 4 1 1
2 3 1 1
0 4 1 1
2 4 1 1
6
1 0 2 2
0 0 1 2
3 0 1 2
1 2 1 2
2 2 2 1
3 3 1 2
1 4 1 1
2 3 1 1
0 3 1 1
2 4 1 1
7
1 0 2 2
0 0 1 2
3 0 1 2
1 2 1 2
2 2 2 1
3 3 1 2
0 4 1 1
2 3 1 1
0 3 1 1
2 4 1 1
8
1 0 2 2
0 0 1 2
3 0 1 2
1 3 1 2
2 2 2 1
3 3 1 2
0 4 1 1
2 3 1 1
0 3 1 1
2 4 1 1
9
1 0 2 2
0 0 1 2
3 0 1 2
1 3 1 2
1 2 2 1
3 3 1 2
0 4 1 1
2 3 1 1
0 3 1 1
2 4 1 1
10
1 0 2 2
0 0 1 2
3 0 1 2
1 3 1 2
0 2 2 1
3 3 1 2
0 4 1 1
2 3 1 1
0 3 1 1
2 4 1 1
11
1 0 2 2
0 0 1 2
3 0 1 2
1 3 1 2
0 2 2 1
3 3 1 2
0 4 1 1
2 2 1 1
0 3 1 1
2 4 1 1
12
1 0 2 2
0 0 1 2
3 0 1 2
1 3 1 2
0 2 2 1
3 3 1 2
0 4 1 1
3 2 1 1
0 3 1 1
2 4 1 1
13
1 0 2 2
0 0 1 2
3 0 1 2
1 3 1 2
0 2 2 1
3 3 1 2
0 4 1 1
3 2 1 1
0 3 1 1
2 3 1 1
14
1 0 2 2
0 0 1 2
3 0 1 2
1 3 1 2
0 2 2 1
3 3 1 2
0 4 1 1
3 2 1 1
0 3 1 1
2 2 1 1
15
1 0 2 2
0 0 1 2
3 0 1 2
2 3 1 2
0 2 2 1
3 3 1 2
0 4 1 1
3 2 1 1
0 3 1 1
2 2 1 1
16
1 0 2 2
0 0 1 2
3 0 1 2
2 3 1 2
0 2 2 1
3 3 1 2
0 4 1 1
3 2 1 1
1 3 1 1
2 2 1 1
17
1 0 2 2
0 0 1 2
3 0 1 2
2 3 1 2
0 2 2 1
3 3 1 2
0 4 1 1
3 2 1 1
1 4 1 1
2 2 1 1
18
1 0 2 2
0 0 1 2
3 0 1 2
2 3 1 2
0 3 2 1
3 3 1 2
0 4 1 1
3 2 1 1
1 4 1 1
2 2 1 1
19
1 0 2 2
0 0 1 2
3 0 1 2
2 3 1 2
0 3 2 1
3 3 1 2
0 4 1 1
3 2 1 1
1 4 1 1
1 2 1 1
20
1 0 2 2
0 0 1 2
3 0 1 2
2 3 1 2
0 3 2 1
3 3 1 2
0 4 1 1
3 2 1 1
1 4 1 1
0 2 1 1
21
1 0 2 2
0 0 1 2
3 0 1 2
2 3 1 2
0 3 2 1
3 3 1 2
0 4 1 1
2 2 1 1
1 4 1 1
0 2 1 1
22
1 0 2 2
0 0 1 2
3 0 1 2
2 3 1 2
0 3 2 1
3 3 1 2
0 4 1 1
1 2 1 1
1 4 1 1
0 2 1 1
23
1 0 2 2
0 0 1 2
3 0 1 2
2 2 1 2
0 3 2 1
3 3 1 2
0 4 1 1
1 2 1 1
1 4 1 1
0 2 1 1
24
1 0 2 2
0 0 1 2
3 0 1 2
2 2 1 2
0 3 2 1
3 2 1 2
0 4 1 1
1 2 1 1
1 4 1 1
0 2 1 1
25
1 0 2 2
0 0 1 2
3 0 1 2
2 2 1 2
0 3 2 1
3 2 1 2
0 4 1 1
1 2 1 1
2 4 1 1
0 2 1 1
26
1 0 2 2
0 0 1 2
3 0 1 2
2 2 1 2
0 3 2 1
3 2 1 2
0 4 1 1
1 2 1 1
3 4 1 1
0 2 1 1
27
1 0 2 2
0 0 1 2
3 0 1 2
2 2 1 2
0 3 2 1
3 2 1 2
1 4 1 1
1 2 1 1
3 4 1 1
0 2 1 1
28
1 0 2 2
0 0 1 2
3 0 1 2
2 2 1 2
0 3 2 1
3 2 1 2
2 4 1 1
1 2 1 1
3 4 1 1
0 2 1 1
29
1 0 2 2
0 0 1 2
3 0 1 2
2 2 1 2
0 4 2 1
3 2 1 2
2 4 1 1
1 2 1 1
3 4 1 1
0 2 1 1
30
1 0 2 2
0 0 1 2
3 0 1 2
2 2 1 2
0 4 2 1
3 2 1 2
2 4 1 1
1 3 1 1
3 4 1 1
0 2 1 1
31
1 0 2 2
0 0 1 2
3 0 1 2
2 2 1 2
0 4 2 1
3 2 1 2
2 4 1 1
0 3 1 1
3 4 1 1
0 2 1 1
32
1 0 2 2
0 0 1 2
3 0 1 2
1 2 1 2
0 4 2 1
3 2 1 2
2 4 1 1
0 3 1 1
3 4 1 1
0 2 1 1
33
1 0 2 2
0 0 1 2
3 0 1 2
1 2 1 2
0 4 2 1
2 2 1 2
2 4 1 1
0 3 1 1
3 4 1 1
0 2 1 1
34
1 0 2 2
0 0 1 2
3 1 1 2
1 2 1 2
0 4 2 1
2 2 1 2
2 4 1 1
0 3 1 1
3 4 1 1
0 2 1 1
35
1 0 2 2
0 0 1 2
3 2 1 2
1 2 1 2
0 4 2 1
2 2 1 2
2 4 1 1
0 3 1 1
3 4 1 1
0 2 1 1
36
2 0 2 2
0 0 1 2
3 2 1 2
1 2 1 2
0 4 2 1
2 2 1 2
2 4 1 1
0 3 1 1
3 4 1 1
0 2 1 1
37
2 0 2 2
1 0 1 2
3 2 1 2
1 2 1 2
0 4 2 1
2 2 1 2
2 4 1 1
0 3 1 1
3 4 1 1
0 2 1 1
38
2 0 2 2
1 0 1 2
3 2 1 2
1 2 1 2
0 4 2 1
2 2 1 2
2 4 1 1
0 3 1 1
3 4 1 1
0 1 1 1
39
2 0 2 2
1 0 1 2
3 2 1 2
1 2 1 2
0 4 2 1
2 2 1 2
2 4 1 1
0 3 1 1
3 4 1 1
0 0 1 1
40
2 0 2 2
1 0 1 2
3 2 1 2
1 2 1 2
0 4 2 1
2 2 1 2
2 4 1 1
0 2 1 1
3 4 1 1
0 0 1 1
41
2 0 2 2
1 0 1 2
3 2 1 2
1 2 1 2
0 4 2 1
2 2 1 2
2 4 1 1
0 1 1 1
3 4 1 1
0 0 1 1
42
2 0 2 2
1 0 1 2
3 2 1 2
0 2 1 2
0 4 2 1
2 2 1 2
2 4 1 1
0 1 1 1
3 4 1 1
0 0 1 1
43
2 0 2 2
1 1 1 2
3 2 1 2
0 2 1 2
0 4 2 1
2 2 1 2
2 4 1 1
0 1 1 1
3 4 1 1
0 0 1 1
44
2 0 2 2
1 2 1 2
3 2 1 2
0 2 1 2
0 4 2 1
2 2 1 2
2 4 1 1
0 1 1 1
3 4 1 1
0 0 1 1
45
1 0 2 2
1 2 1 2
3 2 1 2
0 2 1 2
0 4 2 1
2 2 1 2
2 4 1 1
0 1 1 1
3 4 1 1
0 0 1 1
46
1 0 2 2
1 2 1 2
3 1 1 2
0 2 1 2
0 4 2 1
2 2 1 2
2 4 1 1
0 1 1 1
3 4 1 1
0 0 1 1
47
1 0 2 2
1 2 1 2
3 0 1 2
0 2 1 2
0 4 2 1
2 2 1 2
2 4 1 1
0 1 1 1
3 4 1 1
0 0 1 1
48
1 0 2 2
1 2 1 2
3 0 1 2
0 2 1 2
0 4 2 1
3 2 1 2
2 4 1 1
0 1 1 1
3 4 1 1
0 0 1 1
49
1 0 2 2
1 2 1 2
3 0 1 2
0 2 1 2
0 4 2 1
3 2 1 2
2 3 1 1
0 1 1 1
3 4 1 1
0 0 1 1
50
1 0 2 2
1 2 1 2
3 0 1 2
0 2 1 2
0 4 2 1
3 2 1 2
2 2 1 1
0 1 1 1
3 4 1 1
0 0 1 1
51
1 0 2 2
1 2 1 2
3 0 1 2
0 2 1 2
0 4 2 1
3 2 1 2
2 2 1 1
0 1 1 1
2 4 1 1
0 0 1 1
52
1 0 2 2
1 2 1 2
3 0 1 2
0 2 1 2
0 4 2 1
3 2 1 2
2 2 1 1
0 1 1 1
2 3 1 1
0 0 1 1
53
1 0 2 2
1 2 1 2
3 0 1 2
0 2 1 2
1 4 2 1
3 2 1 2
2 2 1 1
0 1 1 1
2 3 1 1
0 0 1 1
54
1 0 2 2
1 2 1 2
3 0 1 2
0 2 1 2
2 4 2 1
3 2 1 2
2 2 1 1
0 1 1 1
2 3 1 1
0 0 1 1
55
1 0 2 2
1 2 1 2
3 0 1 2
0 3 1 2
2 4 2 1
3 2 1 2
2 2 1 1
0 1 1 1
2 3 1 1
0 0 1 1
56
1 0 2 2
1 3 1 2
3 0 1 2
0 3 1 2
2 4 2 1
3 2 1 2
2 2 1 1
0 1 1 1
2 3 1 1
0 0 1 1
57
1 0 2 2
1 3 1 2
3 0 1 2
0 3 1 2
2 4 2 1
3 2 1 2
1 2 1 1
0 1 1 1
2 3 1 1
0 0 1 1
58
1 0 2 2
1 3 1 2
3 0 1 2
0 3 1 2
2 4 2 1
3 2 1 2
0 2 1 1
0 1 1 1
2 3 1 1
0 0 1 1
59
1 1 2 2
1 3 1 2
3 0 1 2
0 3 1 2
2 4 2 1
3 2 1 2
0 2 1 1
0 1 1 1
2 3 1 1
0 0 1 1
60
1 1 2 2
1 3 1 2
3 0 1 2
0 3 1 2
2 4 2 1
3 2 1 2
0 2 1 1
0 1 1 1
2 3 1 1
1 0 1 1
61
1 1 2 2
1 3 1 2
3 0 1 2
0 3 1 2
2 4 2 1
3 2 1 2
0 2 1 1
0 1 1 1
2 3 1 1
2 0 1 1
62
1 1 2 2
1 3 1 2
3 0 1 2
0 3 1 2
2 4 2 1
3 2 1 2
0 2 1 1
0 0 1 1
2 3 1 1
2 0 1 1
63
1 1 2 2
1 3 1 2
3 0 1 2
0 3 1 2
2 4 2 1
3 2 1 2
0 2 1 1
1 0 1 1
2 3 1 1
2 0 1 1
64
1 1 2 2
1 3 1 2
3 0 1 2
0 3 1 2
2 4 2 1
3 2 1 2
0 1 1 1
1 0 1 1
2 3 1 1
2 0 1 1
65
1 1 2 2
1 3 1 2
3 0 1 2
0 3 1 2
2 4 2 1
3 2 1 2
0 0 1 1
1 0 1 1
2 3 1 1
2 0 1 1
66
1 1 2 2
1 3 1 2
3 0 1 2
0 2 1 2
2 4 2 1
3 2 1 2
0 0 1 1
1 0 1 1
2 3 1 1
2 0 1 1
67
1 1 2 2
1 3 1 2
3 0 1 2
0 1 1 2
2 4 2 1
3 2 1 2
0 0 1 1
1 0 1 1
2 3 1 1
2 0 1 1
68
1 1 2 2
0 3 1 2
3 0 1 2
0 1 1 2
2 4 2 1
3 2 1 2
0 0 1 1
1 0 1 1
2 3 1 1
2 0 1 1
69
1 1 2 2
0 3 1 2
3 0 1 2
0 1 1 2
2 4 2 1
3 2 1 2
0 0 1 1
1 0 1 1
1 3 1 1
2 0 1 1
70
1 1 2 2
0 3 1 2
3 0 1 2
0 1 1 2
2 4 2 1
3 2 1 2
0 0 1 1
1 0 1 1
1 4 1 1
2 0 1 1
71
1 2 2 2
0 3 1 2
3 0 1 2
0 1 1 2
2 4 2 1
3 2 1 2
0 0 1 1
1 0 1 1
1 4 1 1
2 0 1 1
72
1 2 2 2
0 3 1 2
3 0 1 2
0 1 1 2
2 4 2 1
3 2 1 2
0 0 1 1
1 0 1 1
1 4 1 1
2 1 1 1
73
1 2 2 2
0 3 1 2
3 0 1 2
0 1 1 2
2 4 2 1
3 2 1 2
0 0 1 1
1 0 1 1
1 4 1 1
1 1 1 1
74
1 2 2 2
0 3 1 2
2 0 1 2
0 1 1 2
2 4 2 1
3 2 1 2
0 0 1 1
1 0 1 1
1 4 1 1
1 1 1 1
75
1 2 2 2
0 3 1 2
2 0 1 2
0 1 1 2
2 4 2 1
3 1 1 2
0 0 1 1
1 0 1 1
1 4 1 1
1 1 1 1
76
1 2 2 2
0 3 1 2
2 0 1 2
0 1 1 2
2 4 2 1
3 0 1 2
0 0 1 1
1 0 1 1
1 4 1 1
1 1 1 1
77
2 2 2 2
0 3 1 2
2 0 1 2
0 1 1 2
2 4 2 1
3 0 1 2
0 0 1 1
1 0 1 1
1 4 1 1
1 1 1 1
78
2 2 2 2
0 3 1 2
2 0 1 2
0 1 1 2
2 4 2 1
3 0 1 2
0 0 1 1
1 0 1 1
1 4 1 1
1 2 1 1
79
2 2 2 2
0 3 1 2
2 0 1 2
0 1 1 2
2 4 2 1
3 0 1 2
0 0 1 1
1 1 1 1
1 4 1 1
1 2 1 1
80
2 2 2 2
0 3 1 2
2 0 1 2
0 1 1 2
2 4 2 1
3 0 1 2
1 0 1 1
1 1 1 1
1 4 1 1
1 2 1 1
81
2 2 2 2
0 3 1 2
2 0 1 2
0 0 1 2
2 4 2 1
3 0 1 2
1 0 1 1
1 1 1 1
1 4 1 1
1 2 1 1
82
2 2 2 2
0 2 1 2
2 0 1 2
0 0 1 2
2 4 2 1
3 0 1 2
1 0 1 1
1 1 1 1
1 4 1 1
1 2 1 1
83
2 2 2 2
0 2 1 2
2 0 1 2
0 0 1 2
2 4 2 1
3 0 1 2
1 0 1 1
1 1 1 1
0 4 1 1
1 2 1 1
84
2 2 2 2
0 2 1 2
2 0 1 2
0 0 1 2
2 4 2 1
3 0 1 2
1 0 1 1
1 1 1 1
0 4 1 1
1 3 1 1
85
2 2 2 2
0 2 1 2
2 0 1 2
0 0 1 2
2 4 2 1
3 0 1 2
1 0 1 1
1 1 1 1
0 4 1 1
1 4 1 1
86
1 2 2 2
0 2 1 2
2 0 1 2
0 0 1 2
2 4 2 1
3 0 1 2
1 0 1 1
1 1 1 1
0 4 1 1
1 4 1 1
87
1 2 2 2
0 2 1 2
2 0 1 2
0 0 1 2
2 4 2 1
3 1 1 2
1 0 1 1
1 1 1 1
0 4 1 1
1 4 1 1
88
1 2 2 2
0 2 1 2
2 0 1 2
0 0 1 2
2 4 2 1
3 2 1 2
1 0 1 1
1 1 1 1
0 4 1 1
1 4 1 1
89
1 2 2 2
0 2 1 2
3 0 1 2
0 0 1 2
2 4 2 1
3 2 1 2
1 0 1 1
1 1 1 1
0 4 1 1
1 4 1 1
90
1 2 2 2
0 2 1 2
3 0 1 2
0 0 1 2
2 4 2 1
3 2 1 2
2 0 1 1
1 1 1 1
0 4 1 1
1 4 1 1
91
1 2 2 2
0 2 1 2
3 0 1 2
0 0 1 2
2 4 2 1
3 2 1 2
2 0 1 1
2 1 1 1
0 4 1 1
1 4 1 1
92
1 2 2 2
0 2 1 2
3 0 1 2
1 0 1 2
2 4 2 1
3 2 1 2
2 0 1 1
2 1 1 1
0 4 1 1
1 4 1 1
93
1 2 2 2
0 1 1 2
3 0 1 2
1 0 1 2
2 4 2 1
3 2 1 2
2 0 1 1
2 1 1 1
0 4 1 1
1 4 1 1
94
1 2 2 2
0 0 1 2
3 0 1 2
1 0 1 2
2 4 2 1
3 2 1 2
2 0 1 1
2 1 1 1
0 4 1 1
1 4 1 1
95
0 2 2 2
0 0 1 2
3 0 1 2
1 0 1 2
2 4 2 1
3 2 1 2
2 0 1 1
2 1 1 1
0 4 1 1
1 4 1 1
96
0 2 2 2
0 0 1 2
3 0 1 2
1 0 1 2
2 4 2 1
3 2 1 2
2 0 1 1
2 2 1 1
0 4 1 1
1 4 1 1
97
0 2 2 2
0 0 1 2
3 0 1 2
1 0 1 2
2 4 2 1
3 2 1 2
2 0 1 1
2 3 1 1
0 4 1 1
1 4 1 1
98
0 2 2 2
0 0 1 2
3 0 1 2
1 0 1 2
2 4 2 1
3 2 1 2
2 1 1 1
2 3 1 1
0 4 1 1
1 4 1 1
99
0 2 2 2
0 0 1 2
3 0 1 2
1 0 1 2
2 4 2 1
3 2 1 2
2 2 1 1
2 3 1 1
0 4 1 1
1 4 1 1
100
0 2 2 2
0 0 1 2
2 0 1 2
1 0 1 2
2 4 2 1
3 2 1 2
2 2 1 1
2 3 1 1
0 4 1 1
1 4 1 1
101
0 2 2 2
0 0 1 2
2 0 1 2
1 0 1 2
2 4 2 1
3 1 1 2
2 2 1 1
2 3 1 1
0 4 1 1
1 4 1 1
102
0 2 2 2
0 0 1 2
2 0 1 2
1 0 1 2
2 4 2 1
3 0 1 2
2 2 1 1
2 3 1 1
0 4 1 1
1 4 1 1
103
0 2 2 2
0 0 1 2
2 0 1 2
1 0 1 2
2 4 2 1
3 0 1 2
2 2 1 1
3 3 1 1
0 4 1 1
1 4 1 1
104
0 2 2 2
0 0 1 2
2 0 1 2
1 0 1 2
2 4 2 1
3 0 1 2
2 2 1 1
3 2 1 1
0 4 1 1
1 4 1 1
105
0 2 2 2
0 0 1 2
2 0 1 2
1 0 1 2
2 3 2 1
3 0 1 2
2 2 1 1
3 2 1 1
0 4 1 1
1 4 1 1
106
0 2 2 2
0 0 1 2
2 0 1 2
1 0 1 2
2 3 2 1
3 0 1 2
2 2 1 1
3 2 1 1
0 4 1 1
2 4 1 1
107
0 2 2 2
0 0 1 2
2 0 1 2
1 0 1 2
2 3 2 1
3 0 1 2
2 2 1 1
3 2 1 1
0 4 1 1
3 4 1 1
108
0 2 2 2
0 0 1 2
2 0 1 2
1 0 1 2
2 3 2 1
3 0 1 2
2 2 1 1
3 2 1 1
1 4 1 1
3 4 1 1
109
0 2 2 2
0 0 1 2
2 0 1 2
1 0 1 2
2 3 2 1
3 0 1 2
2 2 1 1
3 2 1 1
2 4 1 1
3 4 1 1
110
0 3 2 2
0 0 1 2
2 0 1 2
1 0 1 2
2 3 2 1
3 0 1 2
2 2 1 1
3 2 1 1
2 4 1 1
3 4 1 1
111
0 3 2 2
0 0 1 2
2 0 1 2
1 0 1 2
2 3 2 1
3 0 1 2
1 2 1 1
3 2 1 1
2 4 1 1
3 4 1 1
112
0 3 2 2
0 0 1 2
2 0 1 2
1 0 1 2
2 3 2 1
3 0 1 2
0 2 1 1
3 2 1 1
2 4 1 1
3 4 1 1
113
0 3 2 2
0 0 1 2
2 0 1 2
1 0 1 2
2 3 2 1
3 0 1 2
0 2 1 1
2 2 1 1
2 4 1 1
3 4 1 1
114
0 3 2 2
0 0 1 2
2 0 1 2
1 0 1 2
2 3 2 1
3 0 1 2
0 2 1 1
1 2 1 1
2 4 1 1
3 4 1 1
115
0 3 2 2
0 0 1 2
2 0 1 2
1 0 1 2
2 2 2 1
3 0 1 2
0 2 1 1
1 2 1 1
2 4 1 1
3 4 1 1
116
0 3 2 2
0 0 1 2
2 0 1 2
1 0 1 2
2 2 2 1
3 0 1 2
0 2 1 1
1 2 1 1
2 3 1 1
3 4 1 1
117
0 3 2 2
0 0 1 2
2 0 1 2
1 0 1 2
2 2 2 1
3 0 1 2
0 2 1 1
1 2 1 1
3 3 1 1
3 4 1 1
118
1 3 2 2
0 0 1 2
2 0 1 2
1 0 1 2
2 2 2 1
3 0 1 2
0 2 1 1
1 2 1 1
3 3 1 1
3 4 1 1
118
1 3 2 2
0 0 1 2
2 0 1 2
1 0 1 2
2 2 2 1
3 0 1 2
0 2 1 1
1 2 1 1
3 3 1 1
3 4 1 1
