0
1 0 2 2
0 0 1 1
3 0 1 1
0 1 1 2
3 1 1 2
1 2 1 2
0 3 1 1
3 3 1 1
0 4 2 1
2 4 2 1
1
1 0 2 2
0 0 1 1
3 0 1 1
0 1 1 2
3 1 1 2
1 2 1 2
0 3 1 1
2 3 1 1
0 4 2 1
2 4 2 1
2
1 0 2 2
0 0 1 1
3 0 1 1
0 1 1 2
3 1 1 2
1 2 1 2
0 3 1 1
2 2 1 1
0 4 2 1
2 4 2 1
3
1 0 2 2
0 0 1 1
3 0 1 1
0 1 1 2
3 1 1 2
1 2 1 2
0 3 1 1
2 2 1 1
0 4 2 1
2 3 2 1
4
1 0 2 2
0 0 1 1
3 0 1 1
0 1 1 2
3 1 1 2
1 2 1 2
0 3 1 1
2 2 1 1
1 4 2 1
2 3 2 1
5
1 0 2 2
0 0 1 1
3 0 1 1
0 1 1 2
3 1 1 2
1 2 1 2
0 3 1 1
2 2 1 1
2 4 2 1
2 3 2 1
6
1 0 2 2
0 0 1 1
3 0 1 1
0 1 1 2
3 1 1 2
1 2 1 2
0 4 1 1
2 2 1 1
2 4 2 1
2 3 2 1
7
1 0 2 2
0 0 1 1
3 0 1 1
0 1 1 2
3 1 1 2
1 2 1 2
1 4 1 1
2 2 1 1
2 4 2 1
2 3 2 1
8
1 0 2 2
0 0 1 1
3 0 1 1
0 2 1 2
3 1 1 2
1 2 1 2
1 4 1 1
2 2 1 1
2 4 2 1
2 3 2 1
9
1 0 2 2
0 0 1 1
3 0 1 1
0 3 1 2
3 1 1 2
1 2 1 2
1 4 1 1
2 2 1 1
2 4 2 1
2 3 2 1
10
1 0 2 2
0 1 1 1
3 0 1 1
0 3 1 2
3 1 1 2
1 2 1 2
1 4 1 1
2 2 1 1
2 4 2 1
2 3 2 1
11
1 0 2 2
0 2 1 1
3 0 1 1
0 3 1 2
3 1 1 2
1 2 1 2
1 4 1 1
2 2 1 1
2 4 2 1
2 3 2 1
12
0 0 2 2
0 2 1 1
3 0 1 1
0 3 1 2
3 1 1 2
1 2 1 2
1 4 1 1
2 2 1 1
2 4 2 1
2 3 2 1
13
0 0 2 2
0 2 1 1
2 0 1 1
0 3 1 2
3 1 1 2
1 2 1 2
1 4 1 1
2 2 1 1
2 4 2 1
2 3 2 1
14
0 0 2 2
0 2 1 1
2 0 1 1
0 3 1 2
3 0 1 2
1 2 1 2
1 4 1 1
2 2 1 1
2 4 2 1
2 3 2 1
15
0 0 2 2
0 2 1 1
2 0 1 1
0 3 1 2
3 0 1 2
1 2 1 2
1 4 1 1
3 2 1 1
2 4 2 1
2 3 2 1
16
0 0 2 2
0 2 1 1
2 1 1 1
0 3 1 2
3 0 1 2
1 2 1 2
1 4 1 1
3 2 1 1
2 4 2 1
2 3 2 1
17
0 0 2 2
0 2 1 1
2 2 1 1
0 3 1 2
3 0 1 2
1 2 1 2
1 4 1 1
3 2 1 1
2 4 2 1
2 3 2 1
18
1 0 2 2
0 2 1 1
2 2 1 1
0 3 1 2
3 0 1 2
1 2 1 2
1 4 1 1
3 2 1 1
2 4 2 1
2 3 2 1
19
1 0 2 2
0 1 1 1
2 2 1 1
0 3 1 2
3 0 1 2
1 2 1 2
1 4 1 1
3 2 1 1
2 4 2 1
2 3 2 1
20
1 0 2 2
0 0 1 1
2 2 1 1
0 3 1 2
3 0 1 2
1 2 1 2
1 4 1 1
3 2 1 1
2 4 2 1
2 3 2 1
21
1 0 2 2
0 0 1 1
2 2 1 1
0 2 1 2
3 0 1 2
1 2 1 2
1 4 1 1
3 2 1 1
2 4 2 1
2 3 2 1
22
1 0 2 2
0 0 1 1
2 2 1 1
0 1 1 2
3 0 1 2
1 2 1 2
1 4 1 1
3 2 1 1
2 4 2 1
2 3 2 1
23
1 0 2 2
0 0 1 1
2 2 1 1
0 1 1 2
3 0 1 2
1 2 1 2
0 4 1 1
3 2 1 1
2 4 2 1
2 3 2 1
24
1 0 2 2
0 0 1 1
2 2 1 1
0 1 1 2
3 0 1 2
1 2 1 2
0 3 1 1
3 2 1 1
2 4 2 1
2 3 2 1
25
1 0 2 2
0 0 1 1
2 2 1 1
0 1 1 2
3 0 1 2
1 2 1 2
0 3 1 1
3 2 1 1
1 4 2 1
2 3 2 1
26
1 0 2 2
0 0 1 1
2 2 1 1
0 1 1 2
3 0 1 2
1 2 1 2
0 3 1 1
3 2 1 1
0 4 2 1
2 3 2 1
27
1 0 2 2
0 0 1 1
2 2 1 1
0 1 1 2
3 0 1 2
1 2 1 2
0 3 1 1
3 2 1 1
0 4 2 1
2 4 2 1
28
1 0 2 2
0 0 1 1
2 3 1 1
0 1 1 2
3 0 1 2
1 2 1 2
0 3 1 1
3 2 1 1
0 4 2 1
2 4 2 1
29
1 0 2 2
0 0 1 1
3 3 1 1
0 1 1 2
3 0 1 2
1 2 1 2
0 3 1 1
3 2 1 1
0 4 2 1
2 4 2 1
30
1 0 2 2
0 0 1 1
3 3 1 1
0 1 1 2
3 0 1 2
2 2 1 2
0 3 1 1
3 2 1 1
0 4 2 1
2 4 2 1
31
1 0 2 2
0 0 1 1
3 3 1 1
0 1 1 2
3 0 1 2
2 2 1 2
1 3 1 1
3 2 1 1
0 4 2 1
2 4 2 1
32
1 0 2 2
0 0 1 1
3 3 1 1
0 1 1 2
3 0 1 2
2 2 1 2
1 2 1 1
3 2 1 1
0 4 2 1
2 4 2 1
33
1 0 2 2
0 0 1 1
3 3 1 1
0 1 1 2
3 0 1 2
2 2 1 2
1 2 1 1
3 2 1 1
0 3 2 1
2 4 2 1
34
1 0 2 2
0 0 1 1
3 3 1 1
0 1 1 2
3 0 1 2
2 2 1 2
1 2 1 1
3 2 1 1
0 3 2 1
1 4 2 1
35
1 0 2 2
0 0 1 1
3 3 1 1
0 1 1 2
3 0 1 2
2 2 1 2
1 2 1 1
3 2 1 1
0 3 2 1
0 4 2 1
36
1 0 2 2
0 0 1 1
3 4 1 1
0 1 1 2
3 0 1 2
2 2 1 2
1 2 1 1
3 2 1 1
0 3 2 1
0 4 2 1
37
1 0 2 2
0 0 1 1
2 4 1 1
0 1 1 2
3 0 1 2
2 2 1 2
1 2 1 1
3 2 1 1
0 3 2 1
0 4 2 1
38
1 0 2 2
0 0 1 1
2 4 1 1
0 1 1 2
3 0 1 2
2 2 1 2
1 2 1 1
3 3 1 1
0 3 2 1
0 4 2 1
39
1 0 2 2
0 0 1 1
2 4 1 1
0 1 1 2
3 0 1 2
2 2 1 2
1 2 1 1
3 4 1 1
0 3 2 1
0 4 2 1
40
1 0 2 2
0 0 1 1
2 4 1 1
0 1 1 2
3 0 1 2
3 2 1 2
1 2 1 1
3 4 1 1
0 3 2 1
0 4 2 1
41
1 0 2 2
0 0 1 1
2 3 1 1
0 1 1 2
3 0 1 2
3 2 1 2
1 2 1 1
3 4 1 1
0 3 2 1
0 4 2 1
42
1 0 2 2
0 0 1 1
2 2 1 1
0 1 1 2
3 0 1 2
3 2 1 2
1 2 1 1
3 4 1 1
0 3 2 1
0 4 2 1
43
1 0 2 2
0 0 1 1
2 2 1 1
0 1 1 2
3 0 1 2
3 2 1 2
1 2 1 1
3 4 1 1
1 3 2 1
0 4 2 1
44
1 0 2 2
0 0 1 1
2 2 1 1
0 1 1 2
3 0 1 2
3 2 1 2
1 2 1 1
3 4 1 1
1 3 2 1
1 4 2 1
45
1 0 2 2
0 0 1 1
2 2 1 1
0 2 1 2
3 0 1 2
3 2 1 2
1 2 1 1
3 4 1 1
1 3 2 1
1 4 2 1
46
1 0 2 2
0 0 1 1
2 2 1 1
0 3 1 2
3 0 1 2
3 2 1 2
1 2 1 1
3 4 1 1
1 3 2 1
1 4 2 1
47
1 0 2 2
0 0 1 1
2 2 1 1
0 3 1 2
3 0 1 2
3 2 1 2
0 2 1 1
3 4 1 1
1 3 2 1
1 4 2 1
48
1 0 2 2
0 0 1 1
2 2 1 1
0 3 1 2
3 0 1 2
3 2 1 2
0 1 1 1
3 4 1 1
1 3 2 1
1 4 2 1
49
1 0 2 2
0 0 1 1
2 2 1 1
0 2 1 2
3 0 1 2
3 2 1 2
0 1 1 1
3 4 1 1
1 3 2 1
1 4 2 1
50
1 0 2 2
0 0 1 1
2 2 1 1
0 2 1 2
3 0 1 2
3 2 1 2
0 1 1 1
3 4 1 1
1 3 2 1
0 4 2 1
51
1 0 2 2
0 0 1 1
2 2 1 1
0 2 1 2
3 0 1 2
3 2 1 2
0 1 1 1
2 4 1 1
1 3 2 1
0 4 2 1
52
1 0 2 2
0 0 1 1
2 2 1 1
0 2 1 2
3 0 1 2
3 3 1 2
0 1 1 1
2 4 1 1
1 3 2 1
0 4 2 1
53
1 0 2 2
0 0 1 1
3 2 1 1
0 2 1 2
3 0 1 2
3 3 1 2
0 1 1 1
2 4 1 1
1 3 2 1
0 4 2 1
54
1 0 2 2
0 0 1 1
3 2 1 1
0 2 1 2
3 0 1 2
3 3 1 2
0 1 1 1
2 4 1 1
1 2 2 1
0 4 2 1
55
1 0 2 2
0 0 1 1
3 2 1 1
0 2 1 2
3 0 1 2
3 3 1 2
0 1 1 1
2 3 1 1
1 2 2 1
0 4 2 1
56
1 0 2 2
0 0 1 1
3 2 1 1
0 2 1 2
3 0 1 2
3 3 1 2
0 1 1 1
2 3 1 1
1 2 2 1
1 4 2 1
57
1 0 2 2
0 0 1 1
3 2 1 1
0 3 1 2
3 0 1 2
3 3 1 2
0 1 1 1
2 3 1 1
1 2 2 1
1 4 2 1
58
1 0 2 2
0 0 1 1
3 2 1 1
0 3 1 2
3 0 1 2
3 3 1 2
0 1 1 1
2 3 1 1
0 2 2 1
1 4 2 1
59
1 0 2 2
0 0 1 1
2 2 1 1
0 3 1 2
3 0 1 2
3 3 1 2
0 1 1 1
2 3 1 1
0 2 2 1
1 4 2 1
60
1 0 2 2
0 0 1 1
2 2 1 1
0 3 1 2
3 0 1 2
3 2 1 2
0 1 1 1
2 3 1 1
0 2 2 1
1 4 2 1
61
1 0 2 2
0 0 1 1
2 2 1 1
0 3 1 2
3 0 1 2
3 2 1 2
0 1 1 1
2 3 1 1
0 2 2 1
2 4 2 1
62
1 0 2 2
0 0 1 1
2 2 1 1
0 3 1 2
3 0 1 2
3 2 1 2
0 1 1 1
1 3 1 1
0 2 2 1
2 4 2 1
63
1 0 2 2
0 0 1 1
2 2 1 1
0 3 1 2
3 0 1 2
3 2 1 2
0 1 1 1
1 4 1 1
0 2 2 1
2 4 2 1
64
1 0 2 2
0 0 1 1
2 3 1 1
0 3 1 2
3 0 1 2
3 2 1 2
0 1 1 1
1 4 1 1
0 2 2 1
2 4 2 1
65
1 0 2 2
0 0 1 1
1 3 1 1
0 3 1 2
3 0 1 2
3 2 1 2
0 1 1 1
1 4 1 1
0 2 2 1
2 4 2 1
66
1 0 2 2
0 0 1 1
1 3 1 1
0 3 1 2
3 0 1 2
2 2 1 2
0 1 1 1
1 4 1 1
0 2 2 1
2 4 2 1
67
1 0 2 2
0 0 1 1
1 3 1 1
0 3 1 2
3 1 1 2
2 2 1 2
0 1 1 1
1 4 1 1
0 2 2 1
2 4 2 1
68
1 0 2 2
0 0 1 1
1 3 1 1
0 3 1 2
3 2 1 2
2 2 1 2
0 1 1 1
1 4 1 1
0 2 2 1
2 4 2 1
69
2 0 2 2
0 0 1 1
1 3 1 1
0 3 1 2
3 2 1 2
2 2 1 2
0 1 1 1
1 4 1 1
0 2 2 1
2 4 2 1
70
2 0 2 2
0 0 1 1
1 3 1 1
0 3 1 2
3 2 1 2
2 2 1 2
1 1 1 1
1 4 1 1
0 2 2 1
2 4 2 1
71
2 0 2 2
0 0 1 1
1 3 1 1
0 3 1 2
3 2 1 2
2 2 1 2
1 0 1 1
1 4 1 1
0 2 2 1
2 4 2 1
72
2 0 2 2
0 0 1 1
1 3 1 1
0 3 1 2
3 2 1 2
2 2 1 2
1 0 1 1
1 4 1 1
0 1 2 1
2 4 2 1
73
2 0 2 2
0 0 1 1
1 3 1 1
0 2 1 2
3 2 1 2
2 2 1 2
1 0 1 1
1 4 1 1
0 1 2 1
2 4 2 1
74
2 0 2 2
0 0 1 1
1 2 1 1
0 2 1 2
3 2 1 2
2 2 1 2
1 0 1 1
1 4 1 1
0 1 2 1
2 4 2 1
75
2 0 2 2
0 0 1 1
1 2 1 1
0 2 1 2
3 2 1 2
2 2 1 2
1 0 1 1
1 3 1 1
0 1 2 1
2 4 2 1
76
2 0 2 2
0 0 1 1
1 2 1 1
0 2 1 2
3 2 1 2
2 2 1 2
1 0 1 1
1 3 1 1
0 1 2 1
1 4 2 1
77
2 0 2 2
0 0 1 1
1 2 1 1
0 2 1 2
3 2 1 2
2 2 1 2
1 0 1 1
1 3 1 1
0 1 2 1
0 4 2 1
78
2 0 2 2
0 0 1 1
1 2 1 1
0 2 1 2
3 2 1 2
2 3 1 2
1 0 1 1
1 3 1 1
0 1 2 1
0 4 2 1
79
2 0 2 2
0 0 1 1
1 2 1 1
0 2 1 2
3 3 1 2
2 3 1 2
1 0 1 1
1 3 1 1
0 1 2 1
0 4 2 1
80
2 1 2 2
0 0 1 1
1 2 1 1
0 2 1 2
3 3 1 2
2 3 1 2
1 0 1 1
1 3 1 1
0 1 2 1
0 4 2 1
81
2 1 2 2
0 0 1 1
1 2 1 1
0 2 1 2
3 3 1 2
2 3 1 2
2 0 1 1
1 3 1 1
0 1 2 1
0 4 2 1
82
2 1 2 2
0 0 1 1
1 2 1 1
0 2 1 2
3 3 1 2
2 3 1 2
3 0 1 1
1 3 1 1
0 1 2 1
0 4 2 1
83
2 1 2 2
1 0 1 1
1 2 1 1
0 2 1 2
3 3 1 2
2 3 1 2
3 0 1 1
1 3 1 1
0 1 2 1
0 4 2 1
84
2 1 2 2
2 0 1 1
1 2 1 1
0 2 1 2
3 3 1 2
2 3 1 2
3 0 1 1
1 3 1 1
0 1 2 1
0 4 2 1
85
2 1 2 2
2 0 1 1
1 2 1 1
0 2 1 2
3 3 1 2
2 3 1 2
3 0 1 1
1 3 1 1
0 0 2 1
0 4 2 1
86
2 1 2 2
2 0 1 1
1 2 1 1
0 1 1 2
3 3 1 2
2 3 1 2
3 0 1 1
1 3 1 1
0 0 2 1
0 4 2 1
87
2 1 2 2
2 0 1 1
1 2 1 1
0 1 1 2
3 3 1 2
2 3 1 2
3 0 1 1
0 3 1 1
0 0 2 1
0 4 2 1
88
2 1 2 2
2 0 1 1
1 3 1 1
0 1 1 2
3 3 1 2
2 3 1 2
3 0 1 1
0 3 1 1
0 0 2 1
0 4 2 1
89
1 1 2 2
2 0 1 1
1 3 1 1
0 1 1 2
3 3 1 2
2 3 1 2
3 0 1 1
0 3 1 1
0 0 2 1
0 4 2 1
90
1 1 2 2
2 0 1 1
1 3 1 1
0 1 1 2
3 2 1 2
2 3 1 2
3 0 1 1
0 3 1 1
0 0 2 1
0 4 2 1
91
1 1 2 2
2 0 1 1
1 3 1 1
0 1 1 2
3 1 1 2
2 3 1 2
3 0 1 1
0 3 1 1
0 0 2 1
0 4 2 1
92
1 1 2 2
2 0 1 1
1 3 1 1
0 1 1 2
3 1 1 2
3 3 1 2
3 0 1 1
0 3 1 1
0 0 2 1
0 4 2 1
93
1 1 2 2
2 0 1 1
1 3 1 1
0 1 1 2
3 1 1 2
3 3 1 2
3 0 1 1
0 3 1 1
0 0 2 1
1 4 2 1
94
1 1 2 2
2 0 1 1
1 3 1 1
0 1 1 2
3 1 1 2
3 3 1 2
3 0 1 1
0 4 1 1
0 0 2 1
1 4 2 1
95
1 1 2 2
2 0 1 1
0 3 1 1
0 1 1 2
3 1 1 2
3 3 1 2
3 0 1 1
0 4 1 1
0 0 2 1
1 4 2 1
96
1 2 2 2
2 0 1 1
0 3 1 1
0 1 1 2
3 1 1 2
3 3 1 2
3 0 1 1
0 4 1 1
0 0 2 1
1 4 2 1
97
1 2 2 2
2 1 1 1
0 3 1 1
0 1 1 2
3 1 1 2
3 3 1 2
3 0 1 1
0 4 1 1
0 0 2 1
1 4 2 1
98
1 2 2 2
1 1 1 1
0 3 1 1
0 1 1 2
3 1 1 2
3 3 1 2
3 0 1 1
0 4 1 1
0 0 2 1
1 4 2 1
99
1 2 2 2
1 1 1 1
0 3 1 1
0 1 1 2
3 1 1 2
3 3 1 2
2 0 1 1
0 4 1 1
0 0 2 1
1 4 2 1
100
1 2 2 2
1 1 1 1
0 3 1 1
0 1 1 2
3 1 1 2
3 3 1 2
2 1 1 1
0 4 1 1
0 0 2 1
1 4 2 1
101
1 2 2 2
1 1 1 1
0 3 1 1
0 1 1 2
3 1 1 2
3 3 1 2
2 1 1 1
0 4 1 1
1 0 2 1
1 4 2 1
102
1 2 2 2
1 1 1 1
0 3 1 1
0 0 1 2
3 1 1 2
3 3 1 2
2 1 1 1
0 4 1 1
1 0 2 1
1 4 2 1
103
1 2 2 2
1 1 1 1
0 3 1 1
0 0 1 2
3 0 1 2
3 3 1 2
2 1 1 1
0 4 1 1
1 0 2 1
1 4 2 1
104
1 2 2 2
1 1 1 1
0 3 1 1
0 0 1 2
3 0 1 2
3 2 1 2
2 1 1 1
0 4 1 1
1 0 2 1
1 4 2 1
105
1 2 2 2
1 1 1 1
0 3 1 1
0 0 1 2
3 0 1 2
3 2 1 2
2 1 1 1
0 4 1 1
1 0 2 1
2 4 2 1
106
1 2 2 2
1 1 1 1
0 3 1 1
0 0 1 2
3 0 1 2
3 2 1 2
2 1 1 1
1 4 1 1
1 0 2 1
2 4 2 1
107
1 2 2 2
1 1 1 1
0 4 1 1
0 0 1 2
3 0 1 2
3 2 1 2
2 1 1 1
1 4 1 1
1 0 2 1
2 4 2 1
108
0 2 2 2
1 1 1 1
0 4 1 1
0 0 1 2
3 0 1 2
3 2 1 2
2 1 1 1
1 4 1 1
1 0 2 1
2 4 2 1
109
0 2 2 2
1 1 1 1
0 4 1 1
0 0 1 2
3 0 1 2
2 2 1 2
2 1 1 1
1 4 1 1
1 0 2 1
2 4 2 1
110
0 2 2 2
1 1 1 1
0 4 1 1
0 0 1 2
3 1 1 2
2 2 1 2
2 1 1 1
1 4 1 1
1 0 2 1
2 4 2 1
111
0 2 2 2
1 1 1 1
0 4 1 1
0 0 1 2
3 1 1 2
2 2 1 2
2 1 1 1
1 4 1 1
2 0 2 1
2 4 2 1
112
0 2 2 2
1 0 1 1
0 4 1 1
0 0 1 2
3 1 1 2
2 2 1 2
2 1 1 1
1 4 1 1
2 0 2 1
2 4 2 1
113
0 2 2 2
1 0 1 1
0 4 1 1
0 0 1 2
3 1 1 2
2 2 1 2
1 1 1 1
1 4 1 1
2 0 2 1
2 4 2 1
114
0 2 2 2
1 0 1 1
0 4 1 1
0 0 1 2
3 1 1 2
2 1 1 2
1 1 1 1
1 4 1 1
2 0 2 1
2 4 2 1
115
0 2 2 2
1 0 1 1
0 4 1 1
0 0 1 2
3 1 1 2
2 1 1 2
1 1 1 1
1 4 1 1
2 0 2 1
2 3 2 1
116
0 2 2 2
1 0 1 1
0 4 1 1
0 0 1 2
3 1 1 2
2 1 1 2
1 1 1 1
2 4 1 1
2 0 2 1
2 3 2 1
117
0 2 2 2
1 0 1 1
0 4 1 1
0 0 1 2
3 1 1 2
2 1 1 2
1 1 1 1
3 4 1 1
2 0 2 1
2 3 2 1
118
0 2 2 2
1 0 1 1
1 4 1 1
0 0 1 2
3 1 1 2
2 1 1 2
1 1 1 1
3 4 1 1
2 0 2 1
2 3 2 1
119
0 2 2 2
1 0 1 1
2 4 1 1
0 0 1 2
3 1 1 2
2 1 1 2
1 1 1 1
3 4 1 1
2 0 2 1
2 3 2 1
120
0 3 2 2
1 0 1 1
2 4 1 1
0 0 1 2
3 1 1 2
2 1 1 2
1 1 1 1
3 4 1 1
2 0 2 1
2 3 2 1
121
0 3 2 2
1 0 1 1
2 4 1 1
0 1 1 2
3 1 1 2
2 1 1 2
1 1 1 1
3 4 1 1
2 0 2 1
2 3 2 1
122
0 3 2 2
1 0 1 1
2 4 1 1
0 1 1 2
3 1 1 2
2 1 1 2
1 2 1 1
3 4 1 1
2 0 2 1
2 3 2 1
123
0 3 2 2
1 1 1 1
2 4 1 1
0 1 1 2
3 1 1 2
2 1 1 2
1 2 1 1
3 4 1 1
2 0 2 1
2 3 2 1
124
0 3 2 2
1 1 1 1
2 4 1 1
0 1 1 2
3 1 1 2
2 1 1 2
1 2 1 1
3 4 1 1
1 0 2 1
2 3 2 1
125
0 3 2 2
1 1 1 1
2 4 1 1
0 1 1 2
3 1 1 2
2 1 1 2
1 2 1 1
3 4 1 1
0 0 2 1
2 3 2 1
126
0 3 2 2
1 1 1 1
2 4 1 1
0 1 1 2
3 1 1 2
2 0 1 2
1 2 1 1
3 4 1 1
0 0 2 1
2 3 2 1
127
0 3 2 2
1 1 1 1
2 4 1 1
0 1 1 2
3 0 1 2
2 0 1 2
1 2 1 1
3 4 1 1
0 0 2 1
2 3 2 1
128
0 3 2 2
1 1 1 1
2 4 1 1
0 1 1 2
3 0 1 2
2 0 1 2
1 2 1 1
3 4 1 1
0 0 2 1
2 2 2 1
129
0 3 2 2
1 1 1 1
2 3 1 1
0 1 1 2
3 0 1 2
2 0 1 2
1 2 1 1
3 4 1 1
0 0 2 1
2 2 2 1
130
0 3 2 2
1 1 1 1
3 3 1 1
0 1 1 2
3 0 1 2
2 0 1 2
1 2 1 1
3 4 1 1
0 0 2 1
2 2 2 1
131
1 3 2 2
1 1 1 1
3 3 1 1
0 1 1 2
3 0 1 2
2 0 1 2
1 2 1 1
3 4 1 1
0 0 2 1
2 2 2 1
131
1 3 2 2
1 1 1 1
3 3 1 1
0 1 1 2
3 0 1 2
2 0 1 2
1 2 1 1
3 4 1 1
0 0 2 1
2 2 2 1
